489
141
59
684
791
891
788
804
267
710
544
735
268
739
384
99
843
397
476
765
137
944
323
332
593
154
436
606
531
358
346
999
917
541
648
748
645
661
124
567
401
592
125
596
241
957
700
254
333
622
995
801
180
189
450
11
293
463
388
215
203
856
774
398
505
605
502
518
982
424
258
449
983
453
98
814
557
111
190
479
852
658
37
46
307
869
150
320
245
72
60
713
631
255
362
462
359
375
839
281
115
306
840
310
956
671
414
969
47
336
709
515
895
904
164
726
7
177
102
930
918
570
488
112
219
319
216
232
696
138
973
163
697
167
813
528
271
826
905
193
566
372
752
761
21
583
865
34
960
787
775
427
345
970
76
176
73
89
553
996
830
20
554
24
670
385
128
683
762
50
423
229
609
618
879
440
722
892
817
644
632
284
202
827
934
33
931
947
410
853
687
878
411
882
527
242
986
540
619
908
280
86
466
475
736
297
579
749
674
501
489
141
59
684
791
891
788
804
267
710
544
735
268
739
384
99
843
397
476
765
137
944
323
332
593
154
436
606
531
358
346
999
917
541
648
748
645
661
124
567
401
592
125
596
241
957
700
254
333
622
995
801
180
189
450
11
293
463
388
215
203
856
774
398
505
605
502
518
982
424
258
449
983
453
98
814
557
111
190
479
852
658
37
46
307
869
150
320
245
72
60
713
631
255
362
462
359
375
839
281
115
306
840
310
956
671
414
969
47
336
709
515
895
904
164
726
7
177
102
930
918
570
488
112
219
319
216
232
696
138
973
163
697
167
813
528
271
826
905
193
566
372
752
761
21
583
865
34
960
787
775
427
345
970
76
176
73
89
553
996
830
20
554
24
670
385
128
683
762
50
423
229
609
618
879
440
722
892
817
644
632
284
202
827
934
33
931
947
410
853
687
878
411
882
527
242
986
540
619
908
280
86
466
475
736
297
579
749
674
501
489
141
59
684
791
891
788
804
267
710
544
735
268
739
384
99
843
397
476
765
137
944
323
332
593
154
436
606
531
358
346
999
917
541
648
748
645
661
124
567
401
592
125
596
241
957
700
254
333
622
995
801
180
189
450
11
293
463
388
215
203
856
774
398
505
605
502
518
982
424
258
449
983
453
98
814
557
111
190
479
852
658
37
46
307
869
150
320
245
72
60
713
631
255
362
462
359
375
839
281
115
306
840
310
956
671
414
969
47
336
709
515
895
904
164
726
7
177
102
930
918
570
488
112
219
319
216
232
696
138
973
163
697
167
813
528
271
826
905
193
566
372
752
761
21
583
865
34
960
787
775
427
345
970
76
176
73
89
553
996
830
20
554
24
670
385
128
683
762
50
423
229
609
618
879
440
722
892
817
644
632
284
202
827
934
33
931
947
410
853
687
878
411
882
527
242
986
540
619
908
280
86
466
475
736
297
579
749
674
501
489
141
59
684
791
891
788
804
267
710
544
735
268
739
384
99
843
397
476
765
137
944
323
332
593
154
436
606
531
358
346
999
917
541
648
748
645
661
124
567
401
592
125
596
241
957
700
254
333
622
995
801
180
189
450
11
293
463
388
215
203
856
774
398
505
605
502
518
982
424
258
449
983
453
98
814
557
111
190
479
852
658
37
46
307
869
150
320
245
72
60
713
631
255
362
462
359
375
839
281
115
306
840
310
956
671
414
969
47
336
709
515
895
904
164
726
7
177
102
930
918
570
488
112
219
319
216
232
696
138
973
163
697
167
813
528
271
826
905
193
566
372
752
761
21
583
865
34
960
787
775
427
345
970
76
176
73
89
553
996
830
20
554
24
670
385
128
683
762
50
423
229
609
618
879
440
722
892
817
644
632
284
202
827
934
33
931
947
410
853
687
878
411
882
527
242
986
540
619
908
280
86
466
475
736
297
579
749
674
501
489
141
59
684
791
891
788
804
267
710
544
735
268
739
384
99
843
397
476
765
137
944
323
332
593
154
436
606
531
358
346
999
917
541
648
748
645
661
124
567
401
592
125
596
241
957
700
254
333
622
995
801
180
189
450
11
293
463
388
215
203
856
774
398
505
605
502
518
982
424
258
449
983
453
98
814
557
111
190
479
852
658
37
46
307
869
150
320
245
72
60
713
631
255
362
462
359
375
839
281
115
306
840
310
956
671
414
969
47
336
709
515
895
904
164
726
7
177
102
930
918
570
488
112
219
319
216
232
696
138
973
163
697
167
813
528
271
826
905
193
566
372
752
761
21
583
865
34
960
787
775
427
345
970
76
176
73
89
553
996
