2003
4007
8015
6030
2060
4121
8243
6486
2972
5945
1890
3781
7563
5126
252
505
1011
2023
4047
8095
6190
2380
4761
9523
9046
8092
6184
2368
4737
9475
8950
7900
5800
1600
3201
6403
2806
5613
1226
2453
4907
9815
9630
9260
8520
7040
4080
8161
6322
2644
5289
578
1157
2315
4631
9263
8526
7052
4104
8209
6418
2836
5673
1346
2693
5387
774
1549
3099
6199
2398
4797
9595
9190
8380
6760
3520
7041
4082
8165
6330
2660
5321
642
1285
2571
5143
286
573
1147
2295
4591
9183
8366
6732
3464
6929
3858
7717
5434
868
1737
3475
6951
3902
7805
5610
1220
2441
4883
9767
9534
9068
8136
6272
2544
5089
178
357
715
1431
2863
5727
1454
2909
5819
1638
3277
6555
3110
6221
2442
4885
9771
9542
9084
8168
6336
2672
5345
690
1381
2763
5527
1054
2109
4219
8439
6878
3756
7513
5026
52
105
211
423
847
1695
3391
6783
3566
7133
4266
8533
7066
4132
8265
6530
3060
6121
2242
4485
8971
7942
5884
1768
3537
7075
4150
8301
6602
3204
6409
2818
5637
1274
2549
5099
198
397
795
1591
3183
6367
2734
5469
938
1877
3755
7511
5022
44
89
179
359
719
1439
2879
5759
1518
3037
6075
2150
4301
8603
7206
4412
8825
7650
5300
600
1201
2403
4807
9615
9230
8460
6920
3840
7681
5362
724
1449
2899
5799
1598
3197
6395
2790
5581
1162
2325
4651
9303
8606
7212
4424
8849
7698
5396
792
1585
3171
6343
2686
5373
746
1493
2987
5975
1950
3901
7803
5606
1212
2425
4851
9703
9406
8812
7624
5248
496
993
1987
3975
7951
5902
1804
3609
7219
4438
8877
7754
5508
1016
2033
4067
8135
6270
2540
5081
162
325
651
1303
2607
5215
430
861
1723
3447
6895
3790
7581
5162
324
649
1299
2599
5199
398
797
1595
3191
6383
2766
5533
1066
2133
4267
8535
7070
4140
8281
6562
3124
6249
2498
4997
9995
9990
9980
9960
9920
9840
9680
9360
8720
7440
4880
9761
9522
9044
8088
6176
2352
4705
9411
8822
7644
5288
576
1153
2307
4615
9231
8462
6924
3848
7697
5394
788
1577
3155
6311
2622
5245
490
981
1963
3927
7855
5710
1420
2841
5683
1366
2733
5467
934
1869
3739
7479
4958
9917
9834
9668
9336
8672
7344
4688
9377
8754
7508
5016
32
65
131
263
527
1055
2111
4223
8447
6894
3788
7577
5154
308
617
1235
2471
4943
9887
9774
9548
9096
8192
6384
2768
5537
1074
2149
4299
8599
7198
4396
8793
7586
5172
344
689
1379
2759
5519
1038
2077
4155
8311
6622
3244
6489
2978
5957
1914
3829
7659
5318
636
1273
2547
5095
190
381
763
1527
3055
6111
2222
4445
8891
7782
5564
1128
2257
4515
9031
8062
6124
2248
4497
8995
7990
5980
1960
3921
7843
5686
1372
2745
5491
982
1965
3931
7863
5726
1452
2905
5811
1622
3245
6491
2982
5965
1930
3861
7723
5446
892
1785
3571
7143
4286
8573
7146
4292
8585
7170
4340
8681
7362
4724
9449
8898
7796
5592
1184
2369
4739
9479
8958
7916
5832
1664
3329
6659
3318
6637
3274
6549
3098
6197
2394
4789
9579
9158
8316
6632
3264
6529
3058
6117
2234
4469
8939
7878
5756
1512
3025
6051
2102
4205
8411
6822
3644
7289
4578
9157
8314
6628
3256
6513
3026
6053
2106
4213
8427
6854
3708
7417
4834
9669
9338
8676
7352
4704
9409
8818
7636
5272
544
1089
2179
4359
8719
7438
4876
9753
9506
9012
8024
6048
2096
4193
8387
6774
3548
7097
4194
8389
6778
3556
7113
4226
8453
6906
3812
7625
5250
500
1001
2003
4007
8015
6030
2060
4121
8243
6486
2972
5945
1890
3781
7563
5126
252
505
1011
2023
4047
8095
6190
2380
4761
9523
9046
8092
6184
2368
4737
9475
8950
7900
5800
1600
3201
6403
2806
5613
1226
2453
4907
9815
9630
9260
8520
7040
4080
8161
6322
2644
5289
578
1157
2315
4631
9263
8526
7052
4104
8209
6418
2836
5673
1346
2693
5387
774
1549
3099
6199
2398
4797
9595
9190
8380
6760
3520
7041
4082
8165
6330
2660
5321
642
1285
2571
5143
286
573
1147
2295
4591
9183
8366
6732
3464
6929
3858
7717
5434
868
1737
3475
6951
3902
7805
5610
1220
2441
4883
9767
9534
9068
8136
6272
2544
5089
178
357
715
1431
2863
5727
1454
2909
5819
1638
3277
6555
3110
6221
2442
4885
9771
9542
9084
8168
6336
2672
5345
690
1381
2763
5527
1054
2109
4219
8439
6878
3756
7513
5026
52
105
211
423
847
1695
3391
6783
3566
7133
4266
8533
7066
4132
8265
6530
3060
6121
2242
4485
8971
7942
5884
1768
3537
7075
4150
8301
6602
3204
6409
2818
5637
1274
2549
5099
198
397
795
1591
3183
6367
2734
5469
938
1877
3755
7511
5022
44
89
179
359
719
1439
2879
5759
1518
3037
6075
2150
4301
8603
7206
4412
8825
7650
5300
600
1201
2403
4807
9615
9230
8460
6920
3840
7681
5362
724
1449
2899
5799
1598
3197
6395
2790
5581
1162
2325
4651
9303
8606
7212
4424
8849
7698
5396
792
1585
3171
6343
2686
5373
746
1493
2987
5975
1950
3901
7803
5606
1212
2425
4851
9703
9406
8812
7624
5248
496
993
1987
3975
7951
5902
1804
3609
7219
4438
8877
7754
5508
1016
2033
4067
8135
6270
2540
5081
162
325
651
1303
2607
5215
430
861
1723
3447
6895
3790
7581
5162
324
649
1299
2599
5199
398
797
1595
3191
6383
2766
5533
1066
2133
4267
8535
7070
4140
8281
6562
3124
6249
2498
4997
9995
9990
9980
9960
9920
9840
9680
9360
8720
7440
4880
9761
9522
9044
8088
6176
2352
4705
9411
8822
7644
5288
576
1153
2307
4615
9231
8462
6924
3848
7697
5394
788
1577
3155
6311
2622
5245
490
981
1963
3927
7855
5710
1420
2841
5683
1366
2733
5467
934
1869
3739
7479
4958
9917
9834
9668
