0 0
0.0310545 0.0102334
0.0612343 0.0199465
0.0905642 0.0291583
0.119068 0.0378875
0.14677 0.0461518
0.173691 0.0539687
0.199855 0.0613547
0.225282 0.068326
0.249993 0.0748984
0.274009 0.081087
0.297348 0.0869063
0.32003 0.0923705
0.342074 0.0974933
0.363497 0.102288
0.384317 0.106767
0.404551 0.110943
0.424215 0.114828
0.443325 0.118434
0.461897 0.121771
0.479946 0.12485
0.497486 0.127683
0.514532 0.130278
0.531097 0.132645
0.547195 0.134794
0.56284 0.136735
0.578043 0.138475
0.592816 0.140023
0.607173 0.141388
0.621125 0.142577
0.634682 0.143598
0.647857 0.144458
0.660658 0.145164
0.673098 0.145723
0.685186 0.146142
0.696931 0.146428
0.708344 0.146585
0.719434 0.146621
0.730208 0.14654
0.740678 0.146349
0.750849 0.146053
0.760732 0.145657
0.770334 0.145165
0.779662 0.144583
0.788725 0.143915
0.797529 0.143166
0.806082 0.14234
0.814391 0.14144
0.822462 0.140472
0.830302 0.139438
0.837918 0.138343
0.845315 0.13719
0.8525 0.135982
0.859478 0.134723
0.866255 0.133415
0.872837 0.132063
0.879229 0.130668
0.885436 0.129233
0.891464 0.127762
0.897317 0.126257
0.903 0.12472
0.908517 0.123153
0.913874 0.12156
0.919074 0.119941
0.924123 0.1183
0.929023 0.116639
0.93378 0.114958
0.938396 0.113261
0.942877 0.111549
0.947225 0.109823
0.951444 0.108085
0.955538 0.106338
0.959511 0.104581
0.963364 0.102818
0.967103 0.101049
0.970729 0.0992749
0.974247 0.0974979
0.977658 0.0957188
0.980966 0.0939389
0.984173 0.0921592
0.987283 0.0903807
0.990298 0.0886046
0.99322 0.0868316
0.996053 0.0850628
0.998798 0.0832989
1.00146 0.0815409
1.00403 0.0797894
1.00653 0.0780453
1.00895 0.0763092
1.01129 0.0745819
1.01356 0.0728638
1.01575 0.0711557
1.01788 0.0694581
1.01994 0.0677715
1.02193 0.0660965
1.02385 0.0644335
1.02572 0.0627829
1.02752 0.0611452
1.02926 0.0595208
1.03095 0.05791
