0 0
0.00116229 0.000697252
0.00464465 0.0027851
0.0104348 0.00625286
0.0185132 0.0110834
0.028853 0.0172533
0.0414204 0.0247327
0.0561745 0.033486
0.0730677 0.0434711
0.0920455 0.0546405
0.113047 0.0669409
0.136006 0.0803136
0.160848 0.0946948
0.187495 0.110015
0.215863 0.126202
0.245862 0.143177
0.277398 0.160859
0.310372 0.179161
0.344681 0.197995
0.380219 0.217269
0.416876 0.236887
0.454537 0.256754
0.493089 0.276769
0.532412 0.296833
0.572387 0.316844
0.612892 0.336699
0.653807 0.356296
0.695008 0.375533
0.736372 0.394307
0.777777 0.412517
0.819102 0.430063
0.860227 0.446848
0.901031 0.462775
0.9414 0.477751
0.981217 0.491685
1.02037 0.504489
1.05876 0.516082
1.09627 0.526381
1.1328 0.535312
1.16826 0.542804
1.20255 0.548791
1.2356 0.553212
1.2673 0.556012
1.2976 0.55714
1.32641 0.556554
1.35368 0.554214
1.37934 0.55009
1.40333 0.544157
1.42563 0.536395
1.44617 0.526793
1.46494 0.515346
1.4819 0.502055
1.49703 0.486929
1.51033 0.469982
1.52178 0.451237
1.53138 0.430723
1.53915 0.408475
1.5451 0.384534
1.54924 0.358949
1.55161 0.331776
1.55224 0.303074
1.55116 0.272911
1.54843 0.241358
1.5441 0.208495
1.53821 0.174405
1.53084 0.139175
1.52205 0.102898
1.51191 0.0656728
1.5005 0.0275994
1.4879 -0.0112169
1.47419 -0.0506677
1.45947 -0.0906418
1.44381 -0.131025
1.42732 -0.171702
1.41009 -0.212555
1.39222 -0.253464
1.3738 -0.294309
1.35494 -0.33497
1.33574 -0.375326
1.31629 -0.415256
1.2967 -0.454641
1.27708 -0.493362
1.25751 -0.531301
1.2381 -0.568344
1.21894 -0.604379
1.20013 -0.639294
1.18176 -0.672984
1.16391 -0.705345
1.14669 -0.736277
1.13016 -0.765685
1.11441 -0.79348
1.09951 -0.819574
1.08554 -0.843888
1.07255 -0.866346
1.06061 -0.88688
1.04977 -0.905426
1.04009 -0.921926
1.03161 -0.93633
1.02437 -0.948594
1.0184 -0.958681
