0 0
0.0298957 0.00985799
0.0589964 0.0192428
0.087323 0.0281704
0.114895 0.0366563
0.141734 0.0447156
0.167856 0.0523629
0.193282 0.0596125
0.21803 0.0664781
0.242117 0.0729731
0.26556 0.0791105
0.288376 0.0849027
0.310581 0.0903622
0.332192 0.0955006
0.353224 0.100329
0.373692 0.10486
0.393611 0.109103
0.412995 0.113069
0.431857 0.116767
0.450212 0.120209
0.468073 0.123403
0.485453 0.126359
0.502364 0.129086
0.518819 0.131592
0.534829 0.133885
0.550406 0.135975
0.565562 0.137869
0.580307 0.139574
0.594652 0.141098
0.608607 0.142448
0.622184 0.143632
0.635391 0.144655
0.648238 0.145525
0.660736 0.146247
0.672892 0.146829
0.684716 0.147275
0.696216 0.147592
0.707402 0.147785
0.718281 0.147859
0.728861 0.14782
0.73915 0.147673
0.749156 0.147423
0.758886 0.147074
0.768348 0.14663
0.777547 0.146097
0.786493 0.145479
0.79519 0.144779
0.803645 0.144002
0.811866 0.143151
0.819857 0.142231
0.827626 0.141244
0.835177 0.140195
0.842517 0.139086
0.849651 0.137922
0.856584 0.136704
0.863322 0.135436
0.869871 0.134121
0.876234 0.132762
0.882416 0.131361
0.888424 0.129921
0.89426 0.128445
0.89993 0.126934
0.905438 0.125392
0.910789 0.123821
0.915986 0.122222
0.921033 0.120599
0.925935 0.118952
0.930694 0.117283
0.935316 0.115596
0.939804 0.113891
0.944161 0.11217
0.94839 0.110435
0.952495 0.108687
0.95648 0.106928
0.960347 0.10516
0.964099 0.103384
0.96774 0.1016
0.971273 0.0998118
0.9747 0.0980188
0.978024 0.0962229
0.981248 0.094425
0.984375 0.0926264
0.987407 0.090828
0.990346 0.0890309
0.993196 0.0872361
0.995958 0.0854444
0.998634 0.0836567
1.00123 0.0818739
1.00374 0.0800968
1.00618 0.0783261
1.00853 0.0765626
1.01082 0.074807
1.01303 0.0730599
1.01517 0.0713219
1.01724 0.0695938
1.01925 0.0678759
1.02119 0.0661689
1.02306 0.0644733
1.02488 0.0627895
1.02663 0.061118
