0 0
0.00123716 0.00074198
0.00493961 0.00296048
0.0110877 0.00663889
0.0196535 0.0117534
0.0306013 0.0182732
0.0438872 0.0261606
0.0594599 0.035371
0.0772605 0.0458535
0.0972229 0.0575509
0.119274 0.0703998
0.143335 0.0843312
0.169319 0.0992708
0.197134 0.115139
0.226682 0.131851
0.257862 0.14932
0.290565 0.167451
0.324679 0.186149
0.360089 0.205315
0.396674 0.224846
0.434312 0.244638
0.472878 0.264585
0.512244 0.284578
0.552282 0.304511
0.592862 0.324272
0.633851 0.343754
0.67512 0.362848
0.716538 0.381445
0.757974 0.399441
0.799301 0.416729
0.84039 0.433208
0.881118 0.448779
0.921361 0.463345
0.961001 0.476813
0.999923 0.489095
1.03801 0.500105
1.07517 0.509763
1.11128 0.517996
1.14625 0.524733
1.18 0.52991
1.21242 0.53347
1.24345 0.53536
1.273 0.535535
1.30101 0.533956
1.32741 0.530592
1.35216 0.525416
1.3752 0.518411
1.3965 0.509566
1.41601 0.498877
1.43372 0.486348
1.44959 0.471989
1.46363 0.455818
1.47583 0.43786
1.48618 0.418148
1.4947 0.396721
1.50141 0.373624
1.50633 0.348911
1.50948 0.322641
1.51091 0.294879
1.51066 0.265696
1.50877 0.235172
1.50531 0.203387
1.50033 0.170431
1.4939 0.136396
1.48609 0.10138
1.47697 0.0654842
1.46663 0.0288148
1.45515 -0.00851961
1.44261 -0.0464071
1.42911 -0.0847331
1.41474 -0.123381
1.39959 -0.162233
1.38376 -0.201168
1.36736 -0.240066
1.35047 -0.278807
1.3332 -0.31727
1.31565 -0.355334
1.29792 -0.392879
1.28012 -0.429788
1.26233 -0.465945
1.24465 -0.501235
1.22719 -0.535548
1.21003 -0.568775
1.19326 -0.600811
1.17698 -0.631556
1.16125 -0.660912
1.14618 -0.688789
1.13182 -0.715098
1.11825 -0.739758
1.10554 -0.762693
1.09375 -0.783831
1.08293 -0.803109
1.07315 -0.820467
1.06444 -0.835854
1.05684 -0.849224
1.05039 -0.86054
1.04512 -0.869769
1.04105 -0.876888
1.03819 -0.881877
1.03655 -0.884728
