0		0		0		0		0		0		0		0		0		0		0		0		0		0		0		0		0		0		
0		0		0		0		0		0		0		75		75		75		75		75		75		75		150		150		150		150		
0		0		0		0		0		0		0		75		150		150		150		150		150		150		150		225		300		300		
0		0		0		0		0		0		250		250		250		250		250		250		500		500		500		500		500		500		
0		0		0		0		35		35		250		250		250		250		285		285		500		500		500		500		535		535		
0		0		0		10		35		35		250		250		250		260		285		285		500		500		500		510		535		535		
0		0		0		10		35		35		250		250		250		260		285		285		500		500		500		510		535		535		

0		0		0		0		0		0		0		0		0		0		0		0		0		0		0		0		0		0		
0		0		0		0		0		0		0		1		1		1		1		1		1		1		1		1		1		1		
0		0		0		0		0		0		0		1		2		2		2		2		2		2		2		2		2		2		
0		0		0		0		0		0		3		3		3		3		3		3		3		3		3		3		3		3		
0		0		0		0		4		4		3		3		3		3		4		4		3		3		3		3		4		4		
0		0		0		5		4		4		3		3		3		5		4		4		3		3		3		5		4		4		
0		0		0		5		4		4		3		3		3		5		4		4		3		3		3		5		4		4		

Przedmioty:Bluza Bluza Czapka 
Maksmyalna wartosc = 535
